        0   27.88814  
        0    26.4132  
        0   25.79367  
        1   22.48335  
        0   26.93008  
        1    21.3112  
        1   21.73849  
        1   22.05013  
        1   24.02452  
        1   22.61062  
        1   26.77344  
        0   24.16007  
        0   28.11714  
        1    23.7483  
        0   28.61554  
        1   28.46851  
        1   22.78208  
        1   25.02665  
        1   22.44506  
        1   22.86311  
        1   26.32696  
        1   22.22028  
        1    22.0769  
        0   30.45908  
        0   29.07302  
        1   26.20309  
        0   25.94894  
        1     26.858  
        1   28.87424  
        1   23.60674  
        0   27.44851  
        1   22.93909  
        0   31.86813  
        1   22.53333  
        1    31.3095  
        1   25.33864  
        1    21.4632  
        1   26.33233  
        0   24.06684  
        1   20.49819  
        0    27.4943  
        1   24.13993  
        0   29.34396  
        1   23.50027  
        1   25.57501  
        0   30.87953  
        0   29.64002  
        1   27.92402  
        1   23.90413  
        1   22.06105  
        1    31.0162  
        1   23.78536  
        0   22.48487  
        0   31.85182  
        1   22.46511  
        0   26.27839  
        1   21.75156  
        1   24.06762  
        0   21.79597  
        1   29.85684  
        1   23.48546  
        1   27.78233  
        1   28.70516  
        1   25.67264  
        1   29.70293  
        1   21.36465  
        1   20.65967  
        0   30.63389  
        1   23.08179  
        0   24.43664  
        1    25.5608  
        1   25.85043  
        1   27.20548  
        0   29.25426  
        0   28.67926  
        1   21.26334  
        1   23.03434  
        0   31.02168  
        1   20.39855  
        0   30.72871  
        1   24.95539  
        1   20.84226  
        1   22.20382  
        1   30.50707  
        0   30.55693  
        1   24.21293  
        0   31.59104  
        1    31.1976  
        0     29.191  
        0   30.09552  
        1   24.18913  
        0   29.50917  
        1   24.99092  
        1   23.58779  
        1    28.1961  
        1   29.18268  
        1   31.24246  
        1   29.74373  
        1   22.71878  
        0   27.45556  
        0    26.3262  
        1   30.28042  
        0   23.96062  
        0   31.89752  
        1   31.18799  
        1   22.93106  
        1   28.11213  
        1   24.32699  
        0    28.6936  
        1   24.35384  
        1   21.17183  
        1   22.34341  
        1   28.80555  
        1   23.83608  
        0   27.89254  
        1   26.20724  
        0   28.12678  
        1   26.69999  
        1   31.75093  
        1   27.01728  
        1   20.38803  
        0   27.33749  
        1   20.23825  
        1    24.0623  
        1   22.99556  
        0   41.26556  
        0    36.0655  
        0   43.48637  
        0   39.37428  
        0   36.39791  
        1   33.92283  
        0   38.74301  
        0   40.19699  
        0   37.05206  
        0   43.72809  
        0   32.31585  
        0   38.88194  
        0   32.33028  
        1   33.35743  
        0   39.26741  
        1   33.23304  
        0   35.52188  
        0   42.35142  
        0   41.14817  
        0    35.8634  
        0   40.31998  
        0   43.87931  
        1   33.33311  
        0   40.07679  
        1   37.61628  
        0   32.58929  
        1   38.10232  
        1    35.5104  
        0   40.58601  
        0   41.81495  
        0   42.62686  
        1   34.32817  
        0   40.76366  
        0    35.8786  
        0   36.46789  
        0   33.07627  
        0   41.57911  
        0   34.63442  
        0   43.09583  
        1   34.43856  
        1   42.32851  
        0   40.22011  
        1   34.36852  
        0   38.86652  
        0   39.84864  
        0   34.78639  
        0   43.01881  
        0   34.62222  
        0   40.39189  
        0   38.48148  
        1   32.63577  
        0   36.52639  
        0    39.6675  
        0   32.41385  
        0    32.6884  
        0   38.48568  
        0   36.87635  
        1    33.2388  
        0   42.56728  
        0   41.57378  
        0   43.30324  
        0   32.01566  
        0   39.06636  
        0   39.97025  
        0   36.65073  
        0   34.39309  
        0   41.04685  
        0   32.65673  
        0   36.59709  
        1    38.0948  
        0   41.41969  
        1    32.2195  
        0    37.3645  
        0   41.17806  
        0   39.28319  
        0   37.79305  
        0   34.80715  
        1   33.11991  
        0   39.57386  
        0   43.97001  
        1   40.60003  
        0   33.36789  
        0   40.00759  
        0   37.70866  
        0    33.4758  
        0   34.86726  
        0   37.97776  
        0   40.63024  
        0   41.65141  
        0   38.09584  
        0   36.35502  
        1    41.9533  
        0   34.84506  
        0   37.62339  
        0   34.13128  
        0   34.10209  
        0   42.43276  
        1   42.09588  
        0   34.13535  
        0   35.15308  
        1   37.31119  
        0   35.06553  
        0   34.24019  
        1   32.25674  
        0   37.13751  
        0   35.85667  
        0   39.45713  
        0   40.32747  
        0   37.80326  
        1   39.52552  
        0   34.89428  
        0   37.83829  
        0   37.11813  
        0   41.77203  
        0   43.69056  
        0   36.83823  
        1   40.82987  
        0   33.62194  
        0   39.42726  
        0    38.7647  
        0   33.00929  
        0   41.59631  
        0   53.12286  
        0    54.1256  
        0   49.63701  
        0   50.42802  
        0   44.40697  
        1    53.6684  
        0   51.77282  
        0   45.30355  
        0   53.25922  
        0    45.7271  
        0   53.38115  
        0    46.4302  
        0   55.19885  
        0   47.10275  
        0   51.87529  
        0   55.79009  
        0   52.58193  
        0    44.7822  
        0   48.90604  
        0    51.4542  
        0   45.45377  
        0   47.76964  
        0   46.17475  
        0   49.99162  
        0   44.22727  
        0   46.07305  
        0   49.95457  
        0   53.47246  
        0   44.55384  
        0   49.23611  
        0   48.11134  
        0    44.1949  
        0   52.61201  
        0   46.46074  
        0    54.5667  
        0   50.88344  
        0   51.06665  
        0   52.81241  
        0   50.48096  
        0   55.02355  
        0   49.74006  
        0   44.03479  
        0   53.26439  
        0   48.68956  
        0   53.88243  
        0   48.95455  
        0   54.57436  
        1   55.38652  
        0   45.66975  
        0   54.01746  
        0   52.55718  
        0   49.64973  
        0   52.51939  
        0   44.47505  
        0   54.77316  
        0   53.41579  
        0   44.21328  
        0   50.88284  
        0   45.38792  
        0   48.98367  
        0   54.63176  
        0   45.77561  
        0   52.25329  
        0   52.31591  
        0   51.87777  
        0    46.6599  
        0   54.84381  
        0   53.54028  
        0   53.63269  
        0   46.63401  
        0   49.05059  
        0    51.9169  
        0   49.11512  
        0   48.81218  
        0   50.50142  
        0   51.34231  
        0   44.03415  
        1   51.85944  
        0   52.14672  
        0   54.96791  
        0   49.81354  
        0   51.88411  
        0   54.15913  
        0   47.22429  
        0   54.66319  
        0   44.08347  
        0   44.32578  
        0   50.76179  
        0   55.48076  
        0   48.00807  
        0   54.36382  
        0   48.75508  
        0   49.21315  
        0   54.81986  
        0   46.82309  
        0   53.93247  
        0   50.98288  
        0   51.52457  
        0   48.73121  
        0   49.86805  
        0   48.24146  
        0   46.03832  
        0   54.10448  
        0   55.08204  
        0   46.67171  
        0   55.83223  
        0   53.43263  
        0   50.35277  
        0   53.32306  
        0   46.47761  
        0    50.7507  
        0   47.15229  
        0   53.18811  
        0   55.07721  
        0   54.91315  
        0   49.05549  
        0   44.28952  
        0   49.05644  
        0   55.66663  
        0   45.75025  
        0   45.14367  
        0   48.25523  
        0   48.57613  
        0   48.85988  
        1   68.08682  
        0   56.33287  
        0   64.44963  
        0   58.69457  
        1   69.84624  
        0   67.77716  
        0   64.66011  
        0   66.28091  
        1   69.74123  
        0   60.05986  
        0   65.87485  
        0   66.87743  
        1   69.99924  
        0   58.28072  
        0   60.67313  
        1   67.94685  
        0   65.13975  
        0   62.31391  
        0   62.95269  
        0   60.10145  
        1   63.21286  
        0   58.41851  
        0   63.51152  
        0   68.38979  
        0   65.91876  
        0   58.15034  
        0   60.42439  
        0   56.39079  
        0   58.39804  
        0   60.53315  
        1   63.92152  
        0   61.28086  
        0   66.14337  
        0   57.24526  
        0   68.69238  
        0    68.8252  
        0   64.61523  
        1   65.51246  
        1   69.71803  
        0   68.47058  
        0   64.79789  
        0   63.62239  
        0   59.64269  
        1   66.16553  
        0   67.25677  
        1   61.75568  
        0   65.39137  
        0   61.63348  
        1      68.13  
        0   65.67481  
        0   63.24612  
        0   58.55376  
        1   68.17274  
        0   59.33842  
        0   61.61194  
        0   60.33004  
        0   59.86489  
        0   69.16721  
        0   56.28347  
        0   66.14304  
        0   66.47986  
        0   57.93902  
        0   65.82771  
        0   57.38094  
        0   67.30994  
        0   57.72296  
        1   67.58507  
        0     64.441  
        1   61.26902  
        0   63.50969  
        0   63.77935  
        1   61.76171  
        0   60.37906  
        0   59.81802  
        0   57.81581  
        1    65.8295  
        1   69.50321  
        0   64.12157  
        0   57.71528  
        1   64.96313  
        0   56.58631  
        0   59.30624  
        1   69.01344  
        1   65.05407  
        0   61.41678  
        0   62.24654  
        0   62.94236  
        0   68.83255  
        0   59.08388  
        1    68.9956  
        0   60.47812  
        0   57.20853  
        0   63.00598  
        0   60.12937  
        0   64.13273  
        0   62.23121  
        0   57.25532  
        0   57.09832  
        1   62.57531  
        0   65.90376  
        0   63.19419  
        1   63.88065  
        0    66.0157  
        1   65.58803  
        0    58.5052  
        0   58.02413  
        0   56.87864  
        0    58.1425  
        0   68.19277  
        0   56.88092  
        1   67.34621  
        0   61.51225  
        0   63.58876  
        0   59.17637  
        1   62.76534  
        0   64.34417  
        0   58.13139  
        0   57.51839  
        1    60.1935  
        0   66.27928  
        0   62.66803  
        0   65.74019  
        0   67.76018  
        0   58.69129  
        1   66.45224  
        0   60.41233  
        0   56.14564  
        0   61.00644  
        0   56.96062  
